2 0.328125 0.25 0.65625 0.5
2 0.84375 0.24759615384615385 0.3076923076923077 0.4951923076923077
2 0.6262019230769231 0.6418269230769231 0.06009615384615385 0.15384615384615385
2 0.5600961538461539 0.5709134615384616 0.07211538461538461 0.08413461538461539
2 0.5600961538461539 0.734375 0.19230769230769232 0.33413461538461536
2 0.5480769230769231 0.6394230769230769 0.21634615384615385 0.22115384615384615
2 0.3701923076923077 0.6225961538461539 0.19471153846153846 0.109375
2 0.47115384615384615 0.7379807692307693 0.2704326923076923 0.16466346153846154
2 0.49158653846153844 0.8617788461538461 0.3293269230769231 0.23317307692307693
2 0.4795673076923077 0.90625 0.35336538461538464 0.18269230769230768
2 0.40024038461538464 0.8930288461538461 0.3245192307692308 0.2091346153846154
2 0.24158653846153846 0.9651442307692307 0.27163461538461536 0.06490384615384616
2 0.828125 0.7632211538461539 0.3389423076923077 0.46875
