4 0.54 0.5272277227722773 0.712 0.35148514851485146
4 0.28 0.3613861386138614 0.56 0.40594059405940597
4 0.238 0.8341584158415841 0.476 0.18316831683168316
4 0.206 0.08415841584158416 0.404 0.16831683168316833
4 0.452 0.8366336633663366 0.904 0.18811881188118812
4 0.688 0.20544554455445543 0.424 0.30198019801980197
4 0.498 0.46534653465346537 0.996 0.9306930693069307
4 0.7 0.11138613861386139 0.592 0.22277227722772278
4 0.67 0.8613861386138614 0.468 0.1485148514851485
4 0.322 0.6881188118811881 0.516 0.2079207920792079
4 0.7 0.7054455445544554 0.32 0.18316831683168316
4 0.044 0.655940594059406 0.088 0.21287128712871287
