4 0.732824427480916 0.20833333333333334 0.3282442748091603 0.3333333333333333
4 0.20419847328244276 0.5208333333333334 0.4083969465648855 0.5520833333333334
4 0.49809160305343514 0.484375 0.9885496183206107 0.96875
4 0.7175572519083969 0.5130208333333334 0.22137404580152673 0.328125
4 0.8454198473282443 0.7421875 0.2786259541984733 0.4635416666666667
4 0.16221374045801526 0.19791666666666666 0.21755725190839695 0.28125
4 0.5209923664122137 0.3567708333333333 0.20229007633587787 0.3385416666666667
4 0.3702290076335878 0.1328125 0.22900763358778625 0.265625
4 0.29770992366412213 0.6015625 0.31297709923664124 0.5572916666666666
4 0.5725190839694656 0.11197916666666667 0.20610687022900764 0.22395833333333334
4 0.898854961832061 0.3567708333333333 0.1946564885496183 0.5989583333333334
