4 0.49742268041237114 0.7722007722007722 0.9948453608247423 0.3783783783783784
4 0.4381443298969072 0.14478764478764478 0.6082474226804123 0.1891891891891892
4 0.48711340206185566 0.35714285714285715 0.6855670103092784 0.18146718146718147
4 0.7680412371134021 0.11583011583011583 0.4536082474226804 0.23166023166023167
4 0.5592783505154639 0.527027027027027 0.788659793814433 0.1891891891891892
4 0.33505154639175255 0.02895752895752896 0.4536082474226804 0.05791505791505792
4 0.49742268041237114 0.4826254826254826 0.9948453608247423 0.9652509652509652
4 0.9278350515463918 0.29343629343629346 0.13402061855670103 0.12355212355212356
4 0.5412371134020618 0.3301158301158301 0.8247422680412371 0.583011583011583
4 0.44072164948453607 0.2413127413127413 0.6030927835051546 0.13513513513513514
4 0.770618556701031 0.04247104247104247 0.4484536082474227 0.08494208494208494
4 0.7654639175257731 0.021235521235521235 0.4587628865979381 0.04247104247104247
