4 0.4980694980694981 0.49226804123711343 0.9961389961389961 0.9845360824742269
4 0.0888030888030888 0.5051546391752577 0.1776061776061776 0.6907216494845361
4 0.38803088803088803 0.33762886597938147 0.1969111969111969 0.4381443298969072
4 0.39575289575289574 0.7164948453608248 0.11969111969111969 0.38144329896907214
4 0.2972972972972973 0.36597938144329895 0.19305019305019305 0.422680412371134
4 0.7915057915057915 0.654639175257732 0.16988416988416988 0.422680412371134
4 0.2644787644787645 0.5618556701030928 0.20463320463320464 0.4329896907216495
4 0.8783783783783784 0.2654639175257732 0.21235521235521235 0.30412371134020616
4 0.5193050193050193 0.3788659793814433 0.1891891891891892 0.4381443298969072
4 0.20077220077220076 0.7731958762886598 0.23166023166023167 0.44329896907216493
4 0.750965250965251 0.2268041237113402 0.25868725868725867 0.4536082474226804
4 0.6602316602316602 0.31443298969072164 0.2084942084942085 0.5051546391752577
