4 0.54 0.5396039603960396 0.712 0.3465346534653465
4 0.228 0.8044554455445545 0.456 0.22277227722772278
4 0.31 0.6782178217821783 0.508 0.22772277227722773
4 0.286 0.30445544554455445 0.572 0.41089108910891087
4 0.708 0.2202970297029703 0.424 0.35148514851485146
4 0.236 0.07425742574257425 0.408 0.1485148514851485
4 0.688 0.7351485148514851 0.32 0.17326732673267325
4 0.222 0.31683168316831684 0.188 0.1485148514851485
4 0.466 0.47029702970297027 0.932 0.9405940594059405
4 0.73 0.13613861386138615 0.532 0.2722772277227723
4 0.038 0.6014851485148515 0.076 0.18316831683168316
