4 0.458 0.5074257425742574 0.7 0.3613861386138614
4 0.722 0.4183168316831683 0.548 0.4306930693069307
4 0.694 0.7128712871287128 0.588 0.19801980198019803
4 0.736 0.8737623762376238 0.488 0.20297029702970298
4 0.34 0.18316831683168316 0.448 0.27722772277227725
4 0.29 0.08415841584158416 0.54 0.16831683168316833
4 0.812 0.11633663366336634 0.368 0.21287128712871287
4 0.508 0.47277227722772275 0.976 0.9455445544554455
4 0.29 0.844059405940594 0.468 0.17326732673267325
4 0.272 0.6633663366336634 0.312 0.22772277227722773
