4 0.4980694980694981 0.5 0.9884169884169884 0.979381443298969
4 0.10038610038610038 0.38917525773195877 0.20077220077220076 0.5412371134020618
4 0.7857142857142857 0.3711340206185567 0.27413127413127414 0.5670103092783505
4 0.6776061776061776 0.33505154639175255 0.1891891891891892 0.5257731958762887
4 0.4034749034749035 0.32216494845360827 0.16602316602316602 0.4484536082474227
4 0.5328185328185329 0.4948453608247423 0.19305019305019305 0.8041237113402062
4 0.3783783783783784 0.711340206185567 0.138996138996139 0.3711340206185567
4 0.25868725868725867 0.5128865979381443 0.1776061776061776 0.4793814432989691
4 0.18146718146718147 0.7448453608247423 0.23166023166023167 0.5
4 0.7760617760617761 0.6932989690721649 0.16988416988416988 0.42783505154639173
