4 0.49742268041237114 0.4980694980694981 0.9948453608247423 0.9961389961389961
4 0.28865979381443296 0.16602316602316602 0.4948453608247423 0.33204633204633205
4 0.25773195876288657 0.637065637065637 0.35051546391752575 0.5173745173745173
4 0.5979381443298969 0.7104247104247104 0.4020618556701031 0.5714285714285714
4 0.8711340206185567 0.3783783783783784 0.24742268041237114 0.5096525096525096
4 0.788659793814433 0.7934362934362934 0.3711340206185567 0.39768339768339767
4 0.7551546391752577 0.1833976833976834 0.33505154639175255 0.1969111969111969
4 0.21391752577319587 0.832046332046332 0.42783505154639173 0.3281853281853282
4 0.6005154639175257 0.42277992277992277 0.3865979381443299 0.28957528957528955
4 0.44587628865979384 0.39575289575289574 0.33505154639175255 0.3590733590733591
