4 0.4980694980694981 0.46134020618556704 0.9961389961389961 0.9226804123711341
4 0.49613899613899615 0.36597938144329895 0.3127413127413127 0.711340206185567
4 0.7857142857142857 0.2860824742268041 0.20463320463320464 0.42783505154639173
4 0.7297297297297297 0.6597938144329897 0.20077220077220076 0.4639175257731959
4 0.2915057915057915 0.2860824742268041 0.3127413127413127 0.5721649484536082
4 0.5521235521235521 0.5902061855670103 0.16988416988416988 0.4072164948453608
4 0.12355212355212356 0.4639175257731959 0.2471042471042471 0.9175257731958762
4 0.9073359073359073 0.5128865979381443 0.1776061776061776 0.5309278350515464
4 0.4555984555984556 0.47164948453608246 0.22393822393822393 0.4896907216494845
4 0.9343629343629344 0.16237113402061856 0.12355212355212356 0.3247422680412371
