4 0.7977099236641222 0.625 0.366412213740458 0.65625
4 0.4961832061068702 0.4765625 0.9847328244274809 0.953125
4 0.32061068702290074 0.16666666666666666 0.2824427480916031 0.3333333333333333
4 0.6812977099236641 0.17447916666666666 0.24045801526717558 0.3177083333333333
4 0.12595419847328243 0.6302083333333334 0.25190839694656486 0.4583333333333333
4 0.2881679389312977 0.4401041666666667 0.21755725190839695 0.3489583333333333
4 0.11450381679389313 0.2526041666666667 0.22900763358778625 0.5052083333333334
4 0.8721374045801527 0.2526041666666667 0.2099236641221374 0.421875
4 0.49809160305343514 0.3645833333333333 0.2099236641221374 0.3229166666666667
4 0.383587786259542 0.6770833333333334 0.3244274809160305 0.4375
4 0.49809160305343514 0.109375 0.2099236641221374 0.21875
