4 0.54 0.5272277227722773 0.712 0.35148514851485146
4 0.238 0.8267326732673267 0.476 0.18811881188118812
4 0.282 0.35396039603960394 0.564 0.4207920792079208
4 0.212 0.08168316831683169 0.408 0.16336633663366337
4 0.694 0.21534653465346534 0.42 0.3118811881188119
4 0.288 0.6806930693069307 0.576 0.22277227722772278
4 0.498 0.47029702970297027 0.996 0.9405940594059405
4 0.7 0.7054455445544554 0.328 0.19306930693069307
4 0.72 0.1188118811881188 0.552 0.2376237623762376
4 0.046 0.6311881188118812 0.092 0.22277227722772278
4 0.666 0.8663366336633663 0.46 0.15841584158415842
