4 0.7099236641221374 0.17708333333333334 0.31297709923664124 0.3541666666666667
4 0.1965648854961832 0.5651041666666666 0.3931297709923664 0.5989583333333334
4 0.5095419847328244 0.359375 0.20229007633587787 0.3333333333333333
4 0.33969465648854963 0.14583333333333334 0.22900763358778625 0.2916666666666667
4 0.7156488549618321 0.484375 0.22519083969465647 0.34375
4 0.8606870229007634 0.6875 0.27099236641221375 0.4479166666666667
4 0.1431297709923664 0.24479166666666666 0.22519083969465647 0.2916666666666667
4 0.31297709923664124 0.6119791666666666 0.2900763358778626 0.578125
4 0.5400763358778626 0.109375 0.2099236641221374 0.21875
4 0.5896946564885496 0.7161458333333334 0.29389312977099236 0.390625
4 0.4961832061068702 0.453125 0.9923664122137404 0.90625
4 0.8950381679389313 0.3359375 0.20229007633587787 0.515625
