4 0.4980694980694981 0.45618556701030927 0.9961389961389961 0.9123711340206185
4 0.2084942084942085 0.2912371134020619 0.20077220077220076 0.4381443298969072
4 0.49034749034749037 0.19845360824742267 0.30115830115830117 0.37628865979381443
4 0.8706563706563707 0.4536082474226804 0.25096525096525096 0.9072164948453608
4 0.26833976833976836 0.6726804123711341 0.1969111969111969 0.4587628865979381
4 0.0888030888030888 0.5309278350515464 0.1776061776061776 0.5257731958762887
4 0.7413127413127413 0.3118556701030928 0.22393822393822393 0.5
4 0.8764478764478765 0.6932989690721649 0.23938223938223938 0.42783505154639173
4 0.5386100386100386 0.47680412371134023 0.22007722007722008 0.4793814432989691
4 0.05791505791505792 0.16237113402061856 0.11583011583011583 0.3247422680412371
4 0.44594594594594594 0.595360824742268 0.17374517374517376 0.4175257731958763
