4 0.7442748091603053 0.2265625 0.33587786259541985 0.3177083333333333
4 0.2099236641221374 0.484375 0.4198473282442748 0.5208333333333334
4 0.7175572519083969 0.5338541666666666 0.22137404580152673 0.3177083333333333
4 0.5267175572519084 0.359375 0.1984732824427481 0.3333333333333333
4 0.383587786259542 0.12760416666666666 0.22519083969465647 0.2552083333333333
4 0.17557251908396945 0.1640625 0.22137404580152673 0.2864583333333333
4 0.8320610687022901 0.7760416666666666 0.2824427480916031 0.4375
4 0.5935114503816794 0.11458333333333333 0.2099236641221374 0.22916666666666666
4 0.4961832061068702 0.4947916666666667 0.9847328244274809 0.9895833333333334
4 0.5591603053435115 0.7291666666666666 0.2786259541984733 0.4479166666666667
4 0.2900763358778626 0.5911458333333334 0.3282442748091603 0.5364583333333334
