4 0.456 0.5074257425742574 0.696 0.3613861386138614
4 0.722 0.42326732673267325 0.548 0.4405940594059406
4 0.736 0.8762376237623762 0.488 0.19801980198019803
4 0.51 0.400990099009901 0.972 0.801980198019802
4 0.694 0.7103960396039604 0.588 0.19306930693069307
4 0.332 0.18564356435643564 0.432 0.2623762376237624
4 0.304 0.08415841584158416 0.568 0.16831683168316833
4 0.81 0.11633663366336634 0.372 0.21287128712871287
4 0.274 0.6608910891089109 0.316 0.23267326732673269
4 0.29 0.844059405940594 0.46 0.16336633663366337
4 0.518 0.8663366336633663 0.916 0.21782178217821782
