4 0.4980694980694981 0.4587628865979381 0.9961389961389961 0.9175257731958762
4 0.8011583011583011 0.31443298969072164 0.1891891891891892 0.4329896907216495
4 0.31467181467181465 0.27319587628865977 0.3281853281853282 0.5463917525773195
4 0.7181467181467182 0.6881443298969072 0.20077220077220076 0.4587628865979381
4 0.5173745173745173 0.2036082474226804 0.30115830115830117 0.3865979381443299
4 0.4594594594594595 0.46649484536082475 0.22393822393822393 0.4896907216494845
4 0.12934362934362933 0.44072164948453607 0.25868725868725867 0.8814432989690721
4 0.3204633204633205 0.6494845360824743 0.1776061776061776 0.36082474226804123
4 0.5444015444015444 0.595360824742268 0.1776061776061776 0.4072164948453608
4 0.11583011583011583 0.654639175257732 0.23166023166023167 0.4536082474226804
4 0.6698841698841699 0.2706185567010309 0.1274131274131274 0.4587628865979381
4 0.9034749034749034 0.5618556701030928 0.18532818532818532 0.5257731958762887
