4 0.49742268041237114 0.4980694980694981 0.9948453608247423 0.9961389961389961
4 0.28350515463917525 0.6718146718146718 0.422680412371134 0.4942084942084942
4 0.634020618556701 0.694980694980695 0.30927835051546393 0.6023166023166023
4 0.8634020618556701 0.33204633204633205 0.26288659793814434 0.525096525096525
4 0.8479381443298969 0.752895752895753 0.29381443298969073 0.4247104247104247
4 0.6649484536082474 0.14864864864864866 0.32989690721649484 0.24324324324324326
4 0.27835051546391754 0.2606177606177606 0.5463917525773195 0.25868725868725867
4 0.2706185567010309 0.13513513513513514 0.3247422680412371 0.2702702702702703
4 0.4097938144329897 0.4034749034749035 0.29381443298969073 0.38996138996138996
4 0.6005154639175257 0.41312741312741313 0.33505154639175255 0.32432432432432434
4 0.18814432989690721 0.8687258687258688 0.37628865979381443 0.2471042471042471
4 0.08505154639175258 0.638996138996139 0.17010309278350516 0.23552123552123552
