4 0.7843511450381679 0.4661458333333333 0.42366412213740456 0.515625
4 0.24045801526717558 0.23958333333333334 0.3435114503816794 0.3125
4 0.2767175572519084 0.5442708333333334 0.22519083969465647 0.3177083333333333
4 0.4637404580152672 0.3567708333333333 0.20229007633587787 0.328125
4 0.49809160305343514 0.4947916666666667 0.9961832061068703 0.9895833333333334
4 0.5992366412213741 0.125 0.22900763358778625 0.25
4 0.8091603053435115 0.14583333333333334 0.22137404580152673 0.2916666666666667
4 0.16984732824427481 0.7760416666666666 0.2862595419847328 0.4375
4 0.44083969465648853 0.7291666666666666 0.2633587786259542 0.4583333333333333
4 0.7118320610687023 0.5755208333333334 0.3320610687022901 0.546875
4 0.0916030534351145 0.546875 0.183206106870229 0.3541666666666667
4 0.3950381679389313 0.1171875 0.2099236641221374 0.234375
