4 0.4896907216494845 0.777992277992278 0.979381443298969 0.3745173745173745
4 0.5721649484536082 0.16795366795366795 0.6082474226804123 0.22007722007722008
4 0.5154639175257731 0.3590733590733591 0.6907216494845361 0.16988416988416988
4 0.43556701030927836 0.528957528957529 0.7783505154639175 0.20077220077220076
4 0.23711340206185566 0.11003861003861004 0.44329896907216493 0.22007722007722008
4 0.5025773195876289 0.25675675675675674 0.4793814432989691 0.10424710424710425
4 0.6675257731958762 0.032818532818532815 0.4587628865979381 0.06563706563706563
4 0.48711340206185566 0.48455598455598453 0.9742268041237113 0.9691119691119691
4 0.23969072164948454 0.03667953667953668 0.4484536082474227 0.07335907335907337
4 0.16752577319587628 0.14092664092664092 0.31443298969072164 0.1583011583011583
