4 0.1965648854961832 0.5885416666666666 0.38549618320610685 0.625
4 0.6965648854961832 0.17447916666666666 0.3015267175572519 0.3489583333333333
4 0.49809160305343514 0.4557291666666667 0.9885496183206107 0.9114583333333334
4 0.7137404580152672 0.4635416666666667 0.22137404580152673 0.34375
4 0.5057251908396947 0.359375 0.20229007633587787 0.3333333333333333
4 0.8625954198473282 0.65625 0.26717557251908397 0.46875
4 0.3301526717557252 0.15625 0.24045801526717558 0.3020833333333333
4 0.13549618320610687 0.21614583333333334 0.21755725190839695 0.4010416666666667
4 0.5267175572519084 0.109375 0.20610687022900764 0.21875
4 0.3244274809160305 0.6171875 0.2824427480916031 0.5989583333333334
