4 0.49742268041237114 0.4980694980694981 0.9948453608247423 0.9961389961389961
4 0.11855670103092783 0.7104247104247104 0.23711340206185566 0.44787644787644787
4 0.16494845360824742 0.29343629343629346 0.28865979381443296 0.5328185328185329
4 0.33505154639175255 0.6814671814671814 0.26804123711340205 0.6293436293436293
4 0.4536082474226804 0.06563706563706563 0.5051546391752577 0.13127413127413126
4 0.7577319587628866 0.29343629343629346 0.4742268041237113 0.30115830115830117
4 0.39690721649484534 0.13127413127413126 0.30927835051546393 0.2625482625482625
4 0.7345360824742269 0.8918918918918919 0.4690721649484536 0.2084942084942085
4 0.6829896907216495 0.6891891891891891 0.4896907216494845 0.444015444015444
4 0.8221649484536082 0.17567567567567569 0.34536082474226804 0.3436293436293436
