4 0.4980694980694981 0.49742268041237114 0.9961389961389961 0.9948453608247423
4 0.7413127413127413 0.595360824742268 0.2084942084942085 0.4690721649484536
4 0.2528957528957529 0.32216494845360827 0.27413127413127414 0.6134020618556701
4 0.138996138996139 0.5412371134020618 0.277992277992278 0.9072164948453608
4 0.5675675675675675 0.5670103092783505 0.15444015444015444 0.41237113402061853
4 0.46332046332046334 0.36597938144329895 0.33204633204633205 0.7216494845360825
4 0.6254826254826255 0.2268041237113402 0.1776061776061776 0.44329896907216493
4 0.34942084942084944 0.6907216494845361 0.1969111969111969 0.38144329896907214
4 0.44594594594594594 0.49742268041237114 0.22007722007722008 0.4587628865979381
4 0.749034749034749 0.22422680412371135 0.23938223938223938 0.4072164948453608
4 0.9034749034749034 0.422680412371134 0.18532818532818532 0.5154639175257731
