4 0.4980694980694981 0.4948453608247423 0.9961389961389961 0.9896907216494846
4 0.752895752895753 0.2268041237113402 0.23166023166023167 0.41237113402061853
4 0.4691119691119691 0.3711340206185567 0.3281853281853282 0.7216494845360825
4 0.7413127413127413 0.6005154639175257 0.2084942084942085 0.4690721649484536
4 0.8166023166023166 0.3556701030927835 0.3590733590733591 0.6701030927835051
4 0.9054054054054054 0.43041237113402064 0.18146718146718147 0.520618556701031
4 0.2528957528957529 0.32216494845360827 0.27413127413127414 0.6134020618556701
4 0.46332046332046334 0.19072164948453607 0.32432432432432434 0.3711340206185567
4 0.5675675675675675 0.5695876288659794 0.15444015444015444 0.4175257731958763
4 0.44594594594594594 0.4948453608247423 0.22007722007722008 0.4639175257731959
4 0.138996138996139 0.5360824742268041 0.277992277992278 0.9072164948453608
