4 0.6583969465648855 0.1640625 0.27099236641221375 0.328125
4 0.21374045801526717 0.2630208333333333 0.40458015267175573 0.4739583333333333
4 0.20038167938931298 0.6510416666666666 0.3473282442748092 0.6770833333333334
4 0.7061068702290076 0.421875 0.22900763358778625 0.34375
4 0.8759541984732825 0.23177083333333334 0.24045801526717558 0.4635416666666667
4 0.8740458015267175 0.5989583333333334 0.24427480916030533 0.4583333333333333
4 0.29770992366412213 0.19270833333333334 0.24427480916030533 0.3229166666666667
4 0.49236641221374045 0.3645833333333333 0.21374045801526717 0.3229166666666667
4 0.5 0.4921875 0.9847328244274809 0.984375
4 0.6183206106870229 0.6666666666666666 0.33587786259541985 0.46875
4 0.4751908396946565 0.109375 0.2099236641221374 0.21875
4 0.35877862595419846 0.6510416666666666 0.2595419847328244 0.65625
4 0.11641221374045801 0.2864583333333333 0.2099236641221374 0.4270833333333333
