4 0.46 0.5222772277227723 0.704 0.35148514851485146
4 0.716 0.3811881188118812 0.56 0.4158415841584158
4 0.754 0.8415841584158416 0.484 0.1782178217821782
4 0.796 0.09158415841584158 0.4 0.18316831683168316
4 0.312 0.20297029702970298 0.424 0.297029702970297
4 0.702 0.6856435643564357 0.588 0.21287128712871287
4 0.41 0.10396039603960396 0.82 0.2079207920792079
4 0.318 0.8564356435643564 0.468 0.13861386138613863
4 0.498 0.4603960396039604 0.996 0.9207920792079208
4 0.292 0.693069306930693 0.328 0.19801980198019803
4 0.95 0.6782178217821783 0.092 0.21782178217821782
