4 0.49613899613899615 0.4948453608247423 0.9922779922779923 0.979381443298969
4 0.09266409266409266 0.4252577319587629 0.18532818532818532 0.5515463917525774
4 0.5347490347490348 0.4793814432989691 0.21235521235521235 0.8350515463917526
4 0.7799227799227799 0.3118556701030928 0.29343629343629346 0.6237113402061856
4 0.39575289575289574 0.3324742268041237 0.18146718146718147 0.4484536082474227
4 0.2876447876447876 0.3556701030927835 0.21235521235521235 0.4329896907216495
4 0.19498069498069498 0.7396907216494846 0.23552123552123552 0.5103092783505154
4 0.7837837837837838 0.6649484536082474 0.16988416988416988 0.4329896907216495
4 0.3918918918918919 0.7139175257731959 0.1274131274131274 0.3865979381443299
4 0.667953667953668 0.31958762886597936 0.20077220077220076 0.5154639175257731
4 0.8822393822393823 0.28865979381443296 0.21235521235521235 0.31958762886597936
