4 0.4980694980694981 0.45618556701030927 0.9961389961389961 0.9123711340206185
4 0.7953667953667953 0.30412371134020616 0.19305019305019305 0.4329896907216495
4 0.3088803088803089 0.2757731958762887 0.32432432432432434 0.5515463917525774
4 0.7239382239382239 0.6701030927835051 0.20463320463320464 0.4742268041237113
4 0.5135135135135135 0.19845360824742267 0.30115830115830117 0.3865979381443299
4 0.12355212355212356 0.4484536082474227 0.2471042471042471 0.8969072164948454
4 0.4594594594594595 0.4690721649484536 0.22393822393822393 0.4845360824742268
4 0.3223938223938224 0.6520618556701031 0.18146718146718147 0.37628865979381443
4 0.6698841698841699 0.26804123711340205 0.1274131274131274 0.4639175257731959
4 0.9420849420849421 0.17783505154639176 0.10810810810810811 0.3247422680412371
4 0.9073359073359073 0.5412371134020618 0.1776061776061776 0.5360824742268041
