4 0.4980694980694981 0.4690721649484536 0.9961389961389961 0.9381443298969072
4 0.1833976833976834 0.3402061855670103 0.18146718146718147 0.44329896907216493
4 0.2857142857142857 0.711340206185567 0.2084942084942085 0.4536082474226804
4 0.4613899613899614 0.20618556701030927 0.28957528957528955 0.3917525773195876
4 0.4806949806949807 0.3582474226804124 0.3281853281853282 0.6958762886597938
4 0.8513513513513513 0.422680412371134 0.28957528957528955 0.845360824742268
4 0.7181467181467182 0.27319587628865977 0.23938223938223938 0.4845360824742268
4 0.4575289575289575 0.5979381443298969 0.1891891891891892 0.4020618556701031
4 0.0945945945945946 0.6030927835051546 0.1891891891891892 0.5154639175257731
4 0.5308880308880309 0.4639175257731959 0.2277992277992278 0.4845360824742268
4 0.8841698841698842 0.6185567010309279 0.22393822393822393 0.4536082474226804
4 0.3185328185328185 0.28865979381443296 0.1274131274131274 0.4639175257731959
