4 0.49613899613899615 0.49742268041237114 0.9922779922779923 0.9845360824742269
4 0.10231660231660232 0.38917525773195877 0.20463320463320464 0.5412371134020618
4 0.5328185328185329 0.36082474226804123 0.1776061776061776 0.5154639175257731
4 0.17953667953667954 0.7474226804123711 0.23552123552123552 0.4948453608247423
4 0.3783783783783784 0.711340206185567 0.13127413127413126 0.3711340206185567
4 0.4034749034749035 0.31958762886597936 0.1583011583011583 0.4536082474226804
4 0.25675675675675674 0.5103092783505154 0.18146718146718147 0.4845360824742268
4 0.7760617760617761 0.6984536082474226 0.16988416988416988 0.4175257731958763
4 0.6756756756756757 0.33762886597938147 0.18532818532818532 0.5309278350515464
4 0.7702702702702703 0.25 0.23552123552123552 0.5
