4 0.49742268041237114 0.4980694980694981 0.9948453608247423 0.9961389961389961
4 0.6881443298969072 0.6737451737451737 0.4793814432989691 0.4749034749034749
4 0.3402061855670103 0.6814671814671814 0.26804123711340205 0.6293436293436293
4 0.12371134020618557 0.7162162162162162 0.24742268041237114 0.444015444015444
4 0.15463917525773196 0.2972972972972973 0.28865979381443296 0.525096525096525
4 0.4845360824742268 0.29922779922779924 0.5154639175257731 0.5984555984555985
4 0.7345360824742269 0.88996138996139 0.4896907216494845 0.21235521235521235
4 0.3865979381443299 0.13513513513513514 0.31958762886597936 0.2625482625482625
4 0.7422680412371134 0.2876447876447876 0.5051546391752577 0.2972972972972973
4 0.8118556701030928 0.18146718146718147 0.36597938144329895 0.3552123552123552
