4 0.4980694980694981 0.4587628865979381 0.9961389961389961 0.9175257731958762
4 0.7992277992277992 0.31443298969072164 0.19305019305019305 0.44329896907216493
4 0.31467181467181465 0.2706185567010309 0.3281853281853282 0.5412371134020618
4 0.7200772200772201 0.6855670103092784 0.20463320463320464 0.4639175257731959
4 0.5193050193050193 0.2036082474226804 0.305019305019305 0.39690721649484534
4 0.1138996138996139 0.654639175257732 0.2277992277992278 0.44329896907216493
4 0.4613899613899614 0.46649484536082475 0.2277992277992278 0.4896907216494845
4 0.5366795366795367 0.3582474226804124 0.3783783783783784 0.7061855670103093
4 0.5405405405405406 0.595360824742268 0.18532818532818532 0.4072164948453608
4 0.3185328185328185 0.6391752577319587 0.17374517374517376 0.3711340206185567
4 0.6737451737451737 0.2860824742268041 0.1274131274131274 0.4381443298969072
4 0.9054054054054054 0.5721649484536082 0.18146718146718147 0.5154639175257731
