4 0.49742268041237114 0.4980694980694981 0.9948453608247423 0.9961389961389961
4 0.6391752577319587 0.694980694980695 0.28865979381443296 0.6023166023166023
4 0.8556701030927835 0.3204633204633205 0.27835051546391754 0.5328185328185329
4 0.28865979381443296 0.6814671814671814 0.4329896907216495 0.4671814671814672
4 0.2706185567010309 0.2702702702702703 0.5412371134020618 0.2702702702702703
4 0.6572164948453608 0.14478764478764478 0.31443298969072164 0.25096525096525096
4 0.8582474226804123 0.7451737451737451 0.27319587628865977 0.4247104247104247
4 0.2036082474226804 0.8783783783783784 0.4072164948453608 0.23552123552123552
4 0.4072164948453608 0.4034749034749035 0.28865979381443296 0.38223938223938225
4 0.43041237113402064 0.20270270270270271 0.8608247422680413 0.40540540540540543
4 0.09278350515463918 0.6525096525096525 0.18556701030927836 0.23938223938223938
4 0.5902061855670103 0.40733590733590735 0.3247422680412371 0.3359073359073359
4 0.21649484536082475 0.15637065637065636 0.3917525773195876 0.3127413127413127
