4 0.49742268041237114 0.777992277992278 0.9948453608247423 0.3745173745173745
4 0.48711340206185566 0.3552123552123552 0.6855670103092784 0.18532818532818532
4 0.5567010309278351 0.527027027027027 0.7938144329896907 0.1891891891891892
4 0.44587628865979384 0.14478764478764478 0.6030927835051546 0.1891891891891892
4 0.3556701030927835 0.03088803088803089 0.4536082474226804 0.06177606177606178
4 0.8402061855670103 0.11776061776061776 0.30927835051546393 0.23552123552123552
4 0.5077319587628866 0.25868725868725867 0.4793814432989691 0.10810810810810811
4 0.49742268041237114 0.4826254826254826 0.9948453608247423 0.9652509652509652
4 0.8427835051546392 0.04633204633204633 0.30412371134020616 0.09266409266409266
4 0.5412371134020618 0.33204633204633205 0.8144329896907216 0.5714285714285714
