4 0.458 0.49257425742574257 0.692 0.3712871287128713
4 0.726 0.44801980198019803 0.54 0.4504950495049505
4 0.686 0.7400990099009901 0.596 0.22277227722772278
4 0.82 0.14108910891089108 0.352 0.23267326732673269
4 0.35 0.17326732673267325 0.444 0.24752475247524752
4 0.548 0.4381188118811881 0.896 0.8366336633663366
4 0.272 0.8316831683168316 0.464 0.19801980198019803
4 0.266 0.6435643564356436 0.316 0.25742574257425743
4 0.33 0.06930693069306931 0.58 0.13861386138613863
4 0.718 0.8886138613861386 0.492 0.21287128712871287
