4 0.536 0.5420792079207921 0.704 0.35148514851485146
4 0.714 0.23514851485148514 0.42 0.35148514851485146
4 0.286 0.3069306930693069 0.572 0.43564356435643564
4 0.306 0.6658415841584159 0.5 0.2524752475247525
4 0.224 0.7945544554455446 0.448 0.23267326732673269
4 0.464 0.4430693069306931 0.928 0.8366336633663366
4 0.244 0.07425742574257425 0.408 0.1485148514851485
4 0.68 0.7376237623762376 0.32 0.18811881188118812
4 0.74 0.14108910891089108 0.512 0.28217821782178215
4 0.04 0.5915841584158416 0.08 0.18316831683168316
4 0.632 0.8886138613861386 0.464 0.21287128712871287
