4 0.520618556701031 0.14864864864864866 0.5979381443298969 0.21235521235521235
4 0.49742268041237114 0.36293436293436293 0.6752577319587629 0.2084942084942085
4 0.44072164948453607 0.527027027027027 0.788659793814433 0.18146718146718147
4 0.5103092783505154 0.7722007722007722 0.9690721649484536 0.37065637065637064
4 0.12886597938144329 0.138996138996139 0.25773195876288657 0.2548262548262548
4 0.6082474226804123 0.02895752895752896 0.4639175257731959 0.05791505791505792
4 0.49742268041237114 0.4806949806949807 0.9948453608247423 0.9613899613899614
4 0.05670103092783505 0.4034749034749035 0.1134020618556701 0.25096525096525096
4 0.05670103092783505 0.3301158301158301 0.1134020618556701 0.11196911196911197
4 0.5283505154639175 0.2335907335907336 0.5824742268041238 0.1583011583011583
