4 0.54 0.5420792079207921 0.712 0.35148514851485146
4 0.228 0.801980198019802 0.456 0.22772277227722773
4 0.286 0.30198019801980197 0.572 0.40594059405940597
4 0.712 0.22772277227722773 0.416 0.3465346534653465
4 0.304 0.6732673267326733 0.52 0.2376237623762376
4 0.238 0.07673267326732673 0.412 0.15346534653465346
4 0.684 0.7351485148514851 0.328 0.18316831683168316
4 0.732 0.13861386138613863 0.528 0.27722772277227725
4 0.642 0.8836633663366337 0.46 0.20297029702970298
4 0.04 0.594059405940594 0.08 0.19801980198019803
4 0.498 0.4900990099009901 0.996 0.9801980198019802
