4 0.4980694980694981 0.48195876288659795 0.9961389961389961 0.9639175257731959
4 0.5193050193050193 0.36597938144329895 0.39768339768339767 0.7216494845360825
4 0.7683397683397684 0.24484536082474226 0.22393822393822393 0.4175257731958763
4 0.26833976833976836 0.30412371134020616 0.28957528957528955 0.5979381443298969
4 0.7374517374517374 0.6237113402061856 0.20077220077220076 0.4742268041237113
4 0.8262548262548263 0.3788659793814433 0.33976833976833976 0.6958762886597938
4 0.5598455598455598 0.5850515463917526 0.16216216216216217 0.4072164948453608
4 0.33976833976833976 0.6804123711340206 0.19305019305019305 0.38144329896907214
4 0.4498069498069498 0.4845360824742268 0.2277992277992278 0.4742268041237113
4 0.13127413127413126 0.5077319587628866 0.2625482625482625 0.9123711340206185
4 0.12934362934362933 0.7577319587628866 0.25868725868725867 0.41237113402061853
4 0.9073359073359073 0.4639175257731959 0.1776061776061776 0.5257731958762887
