4 0.1946564885496183 0.5885416666666666 0.3893129770992366 0.6145833333333334
4 0.6984732824427481 0.17447916666666666 0.29770992366412213 0.3489583333333333
4 0.4961832061068702 0.453125 0.9923664122137404 0.90625
4 0.8625954198473282 0.6692708333333334 0.26717557251908397 0.453125
4 0.5057251908396947 0.359375 0.20229007633587787 0.3333333333333333
4 0.7137404580152672 0.4661458333333333 0.22137404580152673 0.3385416666666667
4 0.3320610687022901 0.15364583333333334 0.2366412213740458 0.3072916666666667
4 0.13931297709923665 0.2109375 0.22519083969465647 0.4010416666666667
4 0.32061068702290074 0.6223958333333334 0.2824427480916031 0.5885416666666666
4 0.8912213740458015 0.2864583333333333 0.2099236641221374 0.5520833333333334
4 0.5267175572519084 0.109375 0.21374045801526717 0.21875
